159:
2573411
2202187
1590:
706360
2497047
2036099
54596
1266502
2363652
970234
755560
1253431
874060
1330402
1111449
888260
734949
1537150
609587
879939
1436644
516779
402720
1946810
1614269
1552862
923180
287177
43374
2566472
803966
1857214
1437170
2003742
2586304
545787
2077552
499475
519997
587727
2455604
1449496
2128886
2068826
594259
828853
2547152
1916237
2495587
882552
1044490
978539
2581139
1419051
868711
335131
214446
1739450
1277035
776160
2273769
2395984
1063299
2633546
1943615
643527
2037757
1845915
771582
2414657
312961
1973166
448967
2641737
1129594
1075612
2563000
1955103
2030746
1991077
1119488
1443570
834597
1946537
2532237
2549448
945086
2087292
435313
490153
391532
212212
117220
2196907
1036681
1422014
2399897
583015
1320552
1480038
2110273
1087492
1490167
1263197
2294049
648344
1034754
2214593
1135980
476851
781614
2504968
2159114
2569338
1191989
1651495
1139599
555599
2517922
816316
190525
1631433
1560461
2547553
1771503
1313029
2617031
522034
586689
358555
1393412
959206
2444140
2444261
998663
2557550
2319486
42026
2221164
2109243
2003824
2012796
1214131
1417785
475143
2115425
1148822
2257854
313855
298417
1116254
685959
1596257
1914733
831149
1280909
14747
633938
2512109
944145
1634886
1903613
1664557
494082
637671
1196660
2189038
1421709
1999024
1404129
1776879
1811319
651270
124335
704370
847572
1281705
1726374
1864790
1273278
668617
1063882
949476
1135218
2044058
579625
169324
158433
1882835
1234355
644262
218588
738136
2340094
2122341
2104210
1104774
850562
619492
2507088
344836
349417
576694
1739567
336661
1519041
2599115
2588521
441587
339662
1650903
1629977
1299280
796679
242292
1860850
200293
2074928
2114716
304263
369550
923479
169819
1698905
1743873
510357
1534486
1776826
1553106
1202293
1655369
934776
2277639
795316
230909
188233
1321784
1083074
1259886
892468
1039246
332042
1173714
420239
915589
1446064
606958
1144361
2610879
950416
257402
1579828
1510863
1519474
2582627
186600
300334
635803
519270
1684395
2262912
1886898
1187123
462862
2379360
1954791
1912854
363270
1469439
888562
89830
2310764
615152
270323
1054585
1774876
2320131
85840
2646707
346513
204688
1573422
229638
379588
2633642
742155
316573
1525851
761926
279503
573845
681066
2147020
623365
1174214
2037849
1338835
1291742
2435477
2583673
745230
193367
2285492
1752003
415685
2157472
1256882
2320761
69990
588071
124983
1790433
749180
61519
1344386
1271611
2567366
1258610
2413651
213469
1057990
1092630
2474142
1534535
1833981
2620808
1549136
1756325
1502426
2326863
1936384
1593634
2219228
363007
181065
1291849
1751080
1925903
651133
2409444
1875820
1452617
1706705
103714
1207207
1057559
1616498
1417255
1125930
240529
2043247
2398435
854654
929047
1123408
159161
371817
1172700
679957
1385506
2110843
965562
809463
314713
513383
2274582
2228522
1062611
1941501
1806318
116615
887857
1262376
248876
731579
2154918
1571433
1758853
1506694
959210
2254370
120088
328990
57023
2646166
1964354
1659619
775081
552673
981466
2647649
500704
470153
1720072
142079
604744
1478345
2451589
974843
1170366
1146629
1014754
2272007
1521519
744524
345567
687477
2117609
330080
304861
1711448
1589204
1769421
1915502
1525112
1848028
724470
2602054
1378528
775945
848378
2519375
944551
2419232
1454395
2606527
443782
1769783
1956404
1229214
1539268
1273297
2133862
1558076
1753277
1717521
265824
2358526
2347227
1721985
1620329
416007
1043843
855197
746654
939063
180591
382836
1256911
2304703
28961
1650961
834216
120072
868521
464564
1390057
1238371
315542
435878
2319988
1015228
1655483
743431
1144225
850386
266859
2499994
1652110
1143072
1904041
818903
1194186
2110431
2157145
886257
189845
1577371
1582584
1083890
1607020
1733629
1864648
1611511
1306215
524347
2107824
537918
2044228
2017280
1559690
368898
323834
412617
1832288
12947
417592
516637
981924
760029
1847599
1512193
345913
1163015
1135469
2278360
1150355
822834
437806
1797962
2324602
535124
644586
1557714
165185
2285309
846918
885489
2174089
2371090
1572487
53482
1648844
1129493
2635415
1554330
2134139
184248
2003975
1667686
1754759
915553
2506791
1625952
2363022
1146705
1819526
224790
1874663
476261
2428180
1145485
1232207
137148
2549502
487399
2102830
1265345
2613436
1762642
30596
1385020
1445949
1541905
1876241
1218919
2115882
1936806
473842
19922
2249770
1133776
1965253
391544
1803728
1538119
1368494
2113711
870076
2410022
978889
2498225
340193
1779276
1252509
1208808
730904
2283422
1626060
2219549
1236561
155278
528877
1994986
871425
13069
1035460
2410407
282899
888774
404906
634535
2026914
1120170
430570
1231560
1716946
104794
955778
1175532
2578521
953025
2248972
629025
1618070
1329735
2109596
1555248
1665188
252135
2637500
1642416
679210
1989468
2291185
683179
1118457
1203347
2238775
537031
531934
2587935
1144691
2591405
238375
1234326
538458
74047
174160
59837
718554
1839758
382961
556030
328998
1777192
655118
2274915
319574
2087084
1347912
114884
1279919
2137409
107601
584276
972174
1802682
1621282
54415
2581184
2279206
159298
2269659
2239318
1984067
2366362
1414796
994678
1973613
1534091
185601
192656
129981
2111309
493462
2545013
1083720
154511
1410875
217158
1958456
1298406
918759
639639
1685530
2194179
1582923
1311584
1278655
1912847
1102839
1674265
1900849
1638674
654852
594413
2040861
302862
1482786
1914653
426687
2201444
673596
2117625
472557
763170
1593917
1481401
2460775
1293245
1146978
95507
2634028
2148412
397455
569017
145709
1494582
2363690
2070610
1708775
2518319
742507
1833616
2578257
81040
1593990
455515
2358248
227030
2250318
2340907
1666106
506451
2076369
336345
544551
2034830
820805
1456675
783858
1859423
1976561
1981242
1594457
1048295
458667
1429617
2065387
2071054
485039
634701
2386141
363516
2560481
1518308
2293063
1796912
711962
1945553
2503022
1963370
1003174
2110394
354886
1678711
542207
1786385
2397938
1427334
1701414
1084257
702259
1314994
1238776
452436
2202487
1017138
2441518
1913566
1513230
1301962
1939173
151223
1604037
743014
403123
1462214
2433655
2448106
2265723
2105513
904101
606914
56060
1048959
2374633
561627
1238487
2027291
1658899
2633630
1865634
1030697
2598352
746613
2060528
1828152
1655228
130732
1074853
1150156
2530993
552643
55561
1527304
1648231
1625483
398829
243559
1163897
1574366
546477
967122
1082529
1008620
631208
1305515
1318705
1001057
1971040
729520
1739252
2382563
1612108
804870
2295423
2373107
379899
1888086
1364672
1660670
1204956
855853
2401937
511985
2210213
2087395
1547050
948851
985416
297776
2535489
2013074
1701142
2096968
98016
2496251
911070
846088
2207898
1781331
1030405
519653
893600
2454218
602989
259600
1567802
245292
2215224
1553039
794772
74159
2052481
2548688
2222077
1113703
1826013
2233281
1585902
2116135
1701435
1619860
2508456
125404
237084
1082167
947726
198464
723324
122323
1466068
2444487
1398087
394001
2261932
424155
668086
1413804
2620053
501273
835042
520080
378255
2138294
1212347
564077
1706182
885563
1483111
95485
2209358
2300442
620989
89735
1270354
957233
573757
1016983
2448856
1457244
124326
2132142
2228290
799112
15900:
196047
684802
920401
977108
1528092
883036
1828966
2162603
2649081
510834
468197
1947739
814271
2063403
995407
1746599
1074020
2178672
577849
1743012
795256
2427073
416502
1974076
508480
152784
15901:
1382057
575484
1658515
1310295
394127
2482787
1803292
677349
15902:
2238063
1197604
1593977
1918123
191785
892566
2376426
2012897
1587877
1690584
1554081
2610698
1981523
95842
1316350
2497395
2233410
401705
2404155
623208
1400056
906901
401002
14101
2522946
1288035
1798127
828128
2228265
1410012
2225940
94012
1443236
1414999
776251
2385215
786383
2077955
1636743
2487338
2081046
949989
1439562
1513365
612273
